1.864330162062890262e+00
2.189256407687042660e+00
2.244316184870069897e+00
2.103734234248880508e+00
2.244316184870069897e+00
2.128631785870607640e+00
1.995100393246084902e+00
1.995100393246084902e+00
1.951928221380876405e+00
2.263364379840764329e+00
1.987774353154012186e+00
2.244316184870069897e+00
2.162823150618887080e+00
2.343407087514300713e+00
2.216407396752993364e+00
2.040220828526554619e+00
2.292634762140877580e+00
1.995100393246084902e+00
2.189256407687042660e+00
2.216407396752993364e+00
2.234926444520231037e+00
2.525728644308255610e+00
1.944910648722229851e+00
2.322787800311564954e+00
2.282782465697866137e+00
2.047942874620464870e+00
2.137070654516472157e+00
2.207274913189721133e+00
2.244316184870069897e+00
2.111964733385395920e+00
2.087473713377100193e+00
2.171556830587641596e+00
2.128631785870607640e+00
2.017406150760383099e+00
2.162823150618887080e+00
2.207274913189721133e+00
2.216407396752993364e+00
1.910543005218022117e+00
2.273026290752501399e+00
2.009915479031225694e+00
2.111964733385395920e+00
2.071473372030659288e+00
2.180367460269796442e+00
2.364460496712132986e+00
1.870802676568507961e+00
2.128631785870607640e+00
2.263364379840764329e+00
2.273026290752501399e+00
1.910543005218022117e+00
2.180367460269796442e+00
1.944910648722229851e+00
2.273026290752501399e+00
2.244316184870069897e+00
2.162823150618887080e+00
1.958995388603968824e+00
2.145581344184380956e+00
2.216407396752993364e+00
2.162823150618887080e+00
2.087473713377100193e+00
2.120263536200091004e+00
1.857899271732600166e+00
2.292634762140877580e+00
2.322787800311564954e+00
1.890475442167212750e+00
2.137070654516472157e+00
2.322787800311564954e+00
2.103734234248880508e+00
2.009915479031225694e+00
2.128631785870607640e+00
2.055725015062519923e+00
2.055725015062519923e+00
2.764620552590604241e+00
2.189256407687042660e+00
1.910543005218022117e+00
2.273026290752501399e+00
2.087473713377100193e+00
2.095570923609719749e+00
2.225624051857917340e+00
2.120263536200091004e+00
1.951928221380876405e+00
2.364460496712132986e+00
2.207274913189721133e+00
2.407945608651871794e+00
2.154165087875772322e+00
2.333044300478754440e+00
2.263364379840764329e+00
2.343407087514300713e+00
2.055725015062519923e+00
1.973281345851445323e+00
1.838851076761905512e+00
2.465104022491820590e+00
2.273026290752501399e+00
2.103734234248880508e+00
2.225624051857917340e+00
2.047942874620464870e+00
2.364460496712132986e+00
2.375155785828880983e+00
2.302585092994045901e+00
2.079441541679835748e+00
2.302585092994045901e+00
