1.439151759332314984e-01
6.937087186945270489e-02
3.640083944298183050e-01
1.020346786882442847e-01
1.039897135240476361e-01
1.541506798272583578e-01
1.897565352814726547e-01
1.418805872354438891e-01
1.541506798272583578e-01
1.277532079762333239e-01
1.479968142528800268e-01
1.297592267030991120e-01
5.809255683174557178e-02
2.319461698046815235e-02
2.400403517076880044e-01
8.653049215227893998e-02
1.520951806451622812e-01
8.460926197438516094e-02
1.098778561492701894e-01
2.288919642250737962e-01
1.020346786882442847e-01
2.156759128335473119e-01
7.696104113612839415e-02
7.886761940670986015e-02
1.317692776311233660e-01
1.624151896771517944e-01
6.559728248581327137e-02
2.222621056864041156e-01
1.500438978746048702e-01
2.673147696273471818e-01
7.886761940670986015e-02
1.439151759332314984e-01
5.622514265695000707e-02
1.020346786882442847e-01
9.231642921932288470e-02
1.337833770028245273e-01
1.257512053055602486e-01
2.445347412955272692e-01
1.098778561492701894e-01
1.138226344402864937e-01
1.237532026428872084e-01
7.505809099004226437e-02
8.460926197438516094e-02
9.231642921932288470e-02
3.044102550123555309e-02
1.118483001365688512e-01
1.317692776311233660e-01
1.686587063168369094e-01
1.541506798272583578e-01
1.217591840360229688e-01
2.156759128335473119e-01
1.439151759332314984e-01
3.120807834970537598e-01
9.619240306401584395e-02
9.813603827258703116e-02
6.559728248581327137e-02
6.371581438610778025e-02
1.118483001365688512e-01
9.038406146826893917e-02
1.959100947716979277e-02
1.439151759332314984e-01
1.855012097113342973e-01
7.126302002149069448e-02
1.158008744523923439e-01
1.138226344402864937e-01
1.257512053055602486e-01
8.555623702370971362e-01
2.929871246814741426e-01
3.044102550123555309e-02
1.686587063168369094e-01
1.770444996931107573e-01
1.059485780093806506e-01
6.937087186945270489e-02
1.603426500751794770e-01
1.257512053055602486e-01
7.696104113612839415e-02
1.337833770028245273e-01
1.749414494963320577e-01
5.809255683174557178e-02
9.425253824618928800e-02
1.439151759332314984e-01
2.696215757252622969e-01
5.436120921888742963e-02
8.269171584511340878e-02
1.418805872354438891e-01
2.047944126460132241e-01
8.845542056186339597e-02
9.038406146826893917e-02
1.000834585569826268e-01
1.398501296850619968e-01
8.653049215227893998e-02
7.886761940670986015e-02
1.520951806451622812e-01
7.505809099004226437e-02
8.845542056186339597e-02
1.317692776311233660e-01
1.337833770028245273e-01
2.004747515014968506e-01
3.048778712029956983e-01
1.624151896771517944e-01
1.079112871772292814e-01
8.845542056186339597e-02
1.707485712362961094e-01
6.183787956190755358e-02
1.728428128394108310e-01
2.812361081459552881e-01
1.000834585569826268e-01
4.509330228810579100e-02
1.439151759332314984e-01
3.614735388266302474e-01
4.324998379381674030e-02
9.231642921932288470e-02
6.371581438610778025e-02
1.603426500751794770e-01
1.257512053055602486e-01
9.425253824618928800e-02
7.055697005585024328e-01
1.020346786882442847e-01
1.940300460588548215e-01
1.020346786882442847e-01
1.118483001365688512e-01
1.418805872354438891e-01
1.459539126230798567e-01
3.242021440293985091e-01
9.619240306401584395e-02
1.707485712362961094e-01
1.000834585569826268e-01
1.039897135240476361e-01
1.197691336280129332e-01
1.217591840360229688e-01
7.696104113612839415e-02
6.937087186945270489e-02
7.505809099004226437e-02
5.622514265695000707e-02
2.139118998131755989e-02
1.177830356563834557e-01
1.197691336280129332e-01
9.231642921932288470e-02
7.315875518638977060e-02
1.500438978746048702e-01
1.039897135240476361e-01
1.562104127902689266e-01
1.098778561492701894e-01
1.237532026428872084e-01
8.269171584511340878e-02
1.237532026428872084e-01
1.378237865398294626e-01
8.653049215227893998e-02
3.024883838056143248e-01
6.183787956190755358e-02
9.813603827258703116e-02
8.653049215227893998e-02
8.460926197438516094e-02
1.059485780093806506e-01
1.459539126230798567e-01
1.358015411590618171e-01
1.983218981403956638e-01
9.619240306401584395e-02
1.644920336219908019e-01
1.257512053055602486e-01
1.479968142528800268e-01
1.277532079762333239e-01
2.134901196135671475e-01
1.459539126230798567e-01
1.138226344402864937e-01
9.425253824618928800e-02
7.886761940670986015e-02
1.277532079762333239e-01
1.039897135240476361e-01
1.257512053055602486e-01
1.217591840360229688e-01
1.665731998258153934e-01
1.217591840360229688e-01
1.459539126230798567e-01
7.126302002149069448e-02
8.653049215227893998e-02
1.277532079762333239e-01
9.231642921932288470e-02
8.460926197438516094e-02
1.177830356563834557e-01
1.562104127902689266e-01
1.833803181421967132e-01
9.425253824618928800e-02
1.237532026428872084e-01
1.059485780093806506e-01
1.644920336219908019e-01
7.315875518638977060e-02
1.000834585569826268e-01
1.749414494963320577e-01
7.886761940670986015e-02
1.138226344402864937e-01
2.069612607311034913e-01
1.398501296850619968e-01
1.120003478649427286e+00
1.398501296850619968e-01
1.500438978746048702e-01
1.418805872354438891e-01
1.749414494963320577e-01
1.138226344402864937e-01
1.686587063168369094e-01
1.439151759332314984e-01
4.509330228810579100e-02
1.398501296850619968e-01
1.479968142528800268e-01
1.398501296850619968e-01
1.039897135240476361e-01
1.791519820326755164e-01
1.197691336280129332e-01
1.158008744523923439e-01
5.436120921888742963e-02
1.000834585569826268e-01
1.177830356563834557e-01
2.134901196135671475e-01
1.177830356563834557e-01
1.418805872354438891e-01
1.940300460588548215e-01
5.627069805050955997e-01
1.439151759332314984e-01
1.398501296850619968e-01
1.897565352814726547e-01
1.277532079762333239e-01
1.418805872354438891e-01
1.398501296850619968e-01
1.897565352814726547e-01
1.562104127902689266e-01
1.439151759332314984e-01
1.118483001365688512e-01
1.749414494963320577e-01
1.439151759332314984e-01
1.177830356563834557e-01
1.277532079762333239e-01
1.665731998258153934e-01
1.079112871772292814e-01
7.886761940670986015e-02
1.158008744523923439e-01
1.603426500751794770e-01
8.845542056186339597e-02
7.126302002149069448e-02
6.183787956190755358e-02
1.459539126230798567e-01
1.177830356563834557e-01
9.813603827258703116e-02
1.277532079762333239e-01
1.459539126230798567e-01
1.217591840360229688e-01
1.707485712362961094e-01
1.707485712362961094e-01
1.520951806451622812e-01
4.509330228810579100e-02
1.138226344402864937e-01
8.077783966282910122e-02
8.653049215227893998e-02
2.178664942133660132e-01
1.297592267030991120e-01
9.813603827258703116e-02
9.813603827258703116e-02
1.257512053055602486e-01
8.653049215227893998e-02
1.237532026428872084e-01
7.505809099004226437e-02
1.337833770028245273e-01
1.541506798272583578e-01
1.277532079762333239e-01
1.000834585569826268e-01
1.177830356563834557e-01
9.231642921932288470e-02
1.520951806451622812e-01
1.378237865398294626e-01
7.696104113612839415e-02
1.398501296850619968e-01
2.200618847768016639e-01
1.897565352814726547e-01
1.603426500751794770e-01
1.098778561492701894e-01
8.460926197438516094e-02
4.054651081081643849e-01
1.098778561492701894e-01
4.939205286700277808e-01
3.044102550123555309e-02
1.728428128394108310e-01
4.879016416943204176e-02
7.126302002149069448e-02
8.653049215227893998e-02
7.315875518638977060e-02
1.479968142528800268e-01
1.197691336280129332e-01
9.425253824618928800e-02
1.418805872354438891e-01
1.582743970111203102e-01
1.940300460588548215e-01
5.622514265695000707e-02
6.559728248581327137e-02
1.000834585569826268e-01
1.624151896771517944e-01
1.217591840360229688e-01
1.098778561492701894e-01
2.535845768154451618e-01
1.317692776311233660e-01
1.237532026428872084e-01
1.749414494963320577e-01
1.079112871772292814e-01
2.222621056864041156e-01
1.791519820326755164e-01
1.541506798272583578e-01
1.582743970111203102e-01
1.098778561492701894e-01
1.398501296850619968e-01
1.812639152358191397e-01
6.937087186945270489e-02
1.177830356563834557e-01
1.177830356563834557e-01
1.257512053055602486e-01
4.879016416943204176e-02
1.197691336280129332e-01
7.308875085427923857e-01
1.138226344402864937e-01
1.257512053055602486e-01
1.644920336219908019e-01
1.317692776311233660e-01
1.624151896771517944e-01
1.479968142528800268e-01
1.000834585569826268e-01
1.961736696021062487e-01
9.813603827258703116e-02
1.358015411590618171e-01
1.479968142528800268e-01
7.696104113612839415e-02
1.297592267030991120e-01
1.520951806451622812e-01
1.257512053055602486e-01
9.038406146826893917e-02
1.177830356563834557e-01
8.845542056186339597e-02
5.809255683174557178e-02
1.378237865398294626e-01
3.591050130577080890e-02
4.324998379381674030e-02
1.138226344402864937e-01
7.126302002149069448e-02
1.217591840360229688e-01
1.177830356563834557e-01
1.749414494963320577e-01
1.317692776311233660e-01
7.126302002149069448e-02
1.257512053055602486e-01
4.141005687180940309e-02
1.098778561492701894e-01
1.459539126230798567e-01
9.425253824618928800e-02
1.398501296850619968e-01
1.603426500751794770e-01
8.857453834061022879e-03
1.158008744523923439e-01
1.541506798272583578e-01
1.020346786882442847e-01
1.000834585569826268e-01
1.079112871772292814e-01
8.460926197438516094e-02
1.459539126230798567e-01
1.138226344402864937e-01
1.000834585569826268e-01
1.020346786882442847e-01
1.500438978746048702e-01
1.378237865398294626e-01
6.937087186945270489e-02
8.653049215227893998e-02
6.937087186945270489e-02
1.237532026428872084e-01
1.337833770028245273e-01
1.707485712362961094e-01
1.337833770028245273e-01
8.845542056186339597e-02
1.000834585569826268e-01
1.358015411590618171e-01
1.665731998258153934e-01
2.355660713127669115e-01
1.000834585569826268e-01
1.459539126230798567e-01
9.425253824618928800e-02
1.358015411590618171e-01
2.355660713127669115e-01
1.118483001365688512e-01
2.200618847768016639e-01
6.748229718158464674e-02
1.500438978746048702e-01
2.627170603787177816e-01
1.297592267030991120e-01
1.358015411590618171e-01
1.644920336219908019e-01
1.000834585569826268e-01
2.789023847997351147e-01
1.582743970111203102e-01
1.297592267030991120e-01
1.020346786882442847e-01
1.582743970111203102e-01
1.079112871772292814e-01
1.520951806451622812e-01
1.079112871772292814e-01
5.622514265695000707e-02
1.317692776311233660e-01
9.619240306401584395e-02
1.959100947716979277e-02
1.358015411590618171e-01
1.118483001365688512e-01
8.077783966282910122e-02
6.499998494036917096e-01
1.500438978746048702e-01
8.845542056186339597e-02
1.277532079762333239e-01
9.425253824618928800e-02
6.559728248581327137e-02
6.183787956190755358e-02
1.378237865398294626e-01
6.748229718158464674e-02
1.479968142528800268e-01
9.231642921932288470e-02
1.520951806451622812e-01
6.937087186945270489e-02
1.118483001365688512e-01
9.813603827258703116e-02
1.418805872354438891e-01
7.505809099004226437e-02
1.138226344402864937e-01
1.398501296850619968e-01
1.398501296850619968e-01
1.197691336280129332e-01
1.624151896771517944e-01
9.425253824618928800e-02
1.158008744523923439e-01
1.378237865398294626e-01
1.479968142528800268e-01
2.581403933513060078e-01
9.231642921932288470e-02
1.079112871772292814e-01
1.000834585569826268e-01
1.217591840360229688e-01
1.961736696021062487e-01
5.996346476755726879e-02
1.418805872354438891e-01
6.748229718158464674e-02
1.039897135240476361e-01
1.749414494963320577e-01
1.118483001365688512e-01
8.269171584511340878e-02
1.582743970111203102e-01
5.996346476755726879e-02
7.886761940670986015e-02
2.333364159854977860e-01
2.627170603787177816e-01
5.064373281875493571e-02
1.833803181421967132e-01
1.459539126230798567e-01
1.603426500751794770e-01
8.269171584511340878e-02
7.315875518638977060e-02
2.319461698046815235e-02
1.138226344402864937e-01
1.337833770028245273e-01
2.288919642250737962e-01
1.317692776311233660e-01
7.315875518638977060e-02
1.297592267030991120e-01
1.812639152358191397e-01
1.459539126230798567e-01
3.716517437423862980e-01
1.079112871772292814e-01
1.728428128394108310e-01
1.098778561492701894e-01
1.728428128394108310e-01
1.479968142528800268e-01
1.177830356563834557e-01
1.237532026428872084e-01
1.000834585569826268e-01
2.200618847768016639e-01
1.749414494963320577e-01
1.644920336219908019e-01
1.562104127902689266e-01
8.269171584511340878e-02
1.665731998258153934e-01
9.231642921932288470e-02
3.266441476849502590e-01
1.358015411590618171e-01
8.460926197438516094e-02
9.038406146826893917e-02
5.250074356596755309e-02
1.418805872354438891e-01
1.257512053055602486e-01
1.940300460588548215e-01
1.000834585569826268e-01
1.541506798272583578e-01
1.378237865398294626e-01
6.937087186945270489e-02
7.505809099004226437e-02
7.315875518638977060e-02
9.813603827258703116e-02
9.619240306401584395e-02
1.138226344402864937e-01
8.845542056186339597e-02
1.197691336280129332e-01
1.378237865398294626e-01
8.845542056186339597e-02
1.177830356563834557e-01
2.490494216500540314e-01
1.940300460588548215e-01
2.026322496415179919e-01
1.217591840360229688e-01
1.603426500751794770e-01
2.681125745065677038e-02
2.906258484957943145e-01
1.020346786882442847e-01
8.460926197438516094e-02
1.728428128394108310e-01
1.000834585569826268e-01
1.418805872354438891e-01
9.425253824618928800e-02
2.200618847768016639e-01
7.696104113612839415e-02
7.505809099004226437e-02
2.244671782447180131e-01
1.317692776311233660e-01
1.791519820326755164e-01
7.315875518638977060e-02
1.177830356563834557e-01
1.317692776311233660e-01
7.886761940670986015e-02
1.118483001365688512e-01
1.644920336219908019e-01
1.118483001365688512e-01
1.833803181421967132e-01
1.983218981403956638e-01
8.460926197438516094e-02
9.619240306401584395e-02
1.277532079762333239e-01
1.439151759332314984e-01
1.217591840360229688e-01
1.337833770028245273e-01
1.562104127902689266e-01
1.277532079762333239e-01
2.026322496415179919e-01
1.707485712362961094e-01
3.169117107667192568e-01
1.603426500751794770e-01
1.728428128394108310e-01
1.118483001365688512e-01
1.500438978746048702e-01
4.432054360910114288e-01
2.742512136240043419e-01
1.197691336280129332e-01
1.459539126230798567e-01
1.459539126230798567e-01
2.113090936672069597e-01
1.098778561492701894e-01
2.859199574583816683e-01
1.039897135240476361e-01
1.020346786882442847e-01
5.436120921888742963e-02
2.355660713127669115e-01
1.297592267030991120e-01
1.500438978746048702e-01
3.923243145471060345e-01
1.158008744523923439e-01
1.459539126230798567e-01
1.297592267030991120e-01
8.269171584511340878e-02
1.855012097113342973e-01
1.039897135240476361e-01
1.791519820326755164e-01
1.000834585569826268e-01
1.897565352814726547e-01
9.231642921932288470e-02
8.269171584511340878e-02
1.039897135240476361e-01
2.467895336826164687e-01
2.200618847768016639e-01
8.845542056186339597e-02
3.897167511400251860e-01
2.113090936672069597e-01
5.436120921888742963e-02
4.268562980894818892e-01
5.622514265695000707e-02
1.237532026428872084e-01
9.425253824618928800e-02
9.038406146826893917e-02
1.000834585569826268e-01
7.990957585693260201e-01
1.177830356563834557e-01
2.333364159854977860e-01
1.439151759332314984e-01
3.591050130577080890e-02
1.876266090236477224e-01
5.809255683174557178e-02
1.297592267030991120e-01
1.812639152358191397e-01
1.686587063168369094e-01
1.158008744523923439e-01
1.707485712362961094e-01
2.200618847768016639e-01
1.686587063168369094e-01
1.158008744523923439e-01
1.237532026428872084e-01
1.297592267030991120e-01
9.425253824618928800e-02
1.479968142528800268e-01
9.619240306401584395e-02
1.277532079762333239e-01
1.358015411590618171e-01
1.098778561492701894e-01
7.126302002149069448e-02
9.038406146826893917e-02
1.398501296850619968e-01
1.582743970111203102e-01
2.026322496415179919e-01
8.845542056186339597e-02
1.770444996931107573e-01
1.114612630014550909e+00
7.126302002149069448e-02
1.020346786882442847e-01
1.398501296850619968e-01
1.059485780093806506e-01
7.886761940670986015e-02
1.686587063168369094e-01
1.237532026428872084e-01
2.047944126460132241e-01
1.317692776311233660e-01
1.940300460588548215e-01
6.371581438610778025e-02
8.077783966282910122e-02
1.686587063168369094e-01
8.460926197438516094e-02
1.918910078101052630e-01
1.983218981403956638e-01
7.126302002149069448e-02
3.001045924503381590e-01
1.277532079762333239e-01
7.126302002149069448e-02
1.118483001365688512e-01
9.231642921932288470e-02
1.833803181421967132e-01
8.653049215227893998e-02
1.297592267030991120e-01
1.582743970111203102e-01
1.098778561492701894e-01
1.297592267030991120e-01
1.398501296850619968e-01
7.315875518638977060e-02
1.439151759332314984e-01
1.500438978746048702e-01
1.770444996931107573e-01
1.158008744523923439e-01
1.459539126230798567e-01
1.297592267030991120e-01
8.269171584511340878e-02
8.269171584511340878e-02
9.425253824618928800e-02
3.897167511400251860e-01
7.315875518638977060e-02
1.297592267030991120e-01
4.598263173270518145e-01
1.000834585569826268e-01
1.812639152358191397e-01
8.653049215227893998e-02
1.079112871772292814e-01
2.134901196135671475e-01
1.398501296850619968e-01
1.000834585569826268e-01
1.098778561492701894e-01
8.653049215227893998e-02
5.250074356596755309e-02
1.118483001365688512e-01
1.520951806451622812e-01
1.217591840360229688e-01
1.337833770028245273e-01
7.315875518638977060e-02
1.337833770028245273e-01
1.059485780093806506e-01
5.250074356596755309e-02
1.378237865398294626e-01
1.197691336280129332e-01
1.582743970111203102e-01
7.505809099004226437e-02
1.707485712362961094e-01
9.619240306401584395e-02
7.126302002149069448e-02
2.244671782447180131e-01
1.158008744523923439e-01
4.509330228810579100e-02
1.297592267030991120e-01
1.277532079762333239e-01
1.297592267030991120e-01
3.340061441260194219e-01
2.906258484957943145e-01
7.126302002149069448e-02
2.719337154836417580e-01
1.138226344402864937e-01
1.000834585569826268e-01
7.696104113612839415e-02
1.217591840360229688e-01
1.158008744523923439e-01
1.897565352814726547e-01
6.559728248581327137e-02
1.728428128394108310e-01
5.436120921888742963e-02
1.439151759332314984e-01
9.813603827258703116e-02
9.038406146826893917e-02
9.425253824618928800e-02
1.197691336280129332e-01
1.520951806451622812e-01
1.257512053055602486e-01
1.665731998258153934e-01
1.707485712362961094e-01
5.622514265695000707e-02
1.098778561492701894e-01
7.696104113612839415e-02
1.520951806451622812e-01
4.879016416943204176e-02
1.644920336219908019e-01
1.020346786882442847e-01
5.996346476755726879e-02
1.138226344402864937e-01
1.020346786882442847e-01
1.177830356563834557e-01
6.371581438610778025e-02
9.813603827258703116e-02
6.183787956190755358e-02
1.644920336219908019e-01
1.398501296850619968e-01
1.897565352814726547e-01
1.541506798272583578e-01
6.937087186945270489e-02
1.098778561492701894e-01
4.694002488127049094e-02
9.813603827258703116e-02
5.720383079339799171e-01
1.317692776311233660e-01
7.886761940670986015e-02
4.161035063132201839e-01
1.138226344402864937e-01
1.358015411590618171e-01
1.059485780093806506e-01
1.582743970111203102e-01
8.555623702370971362e-01
1.770444996931107573e-01
7.505809099004226437e-02
3.408401677973652011e-02
9.619240306401584395e-02
5.996346476755726879e-02
6.371581438610778025e-02
1.158008744523923439e-01
2.222621056864041156e-01
1.118483001365688512e-01
1.217591840360229688e-01
1.217591840360229688e-01
3.340061441260194219e-01
1.039897135240476361e-01
1.644920336219908019e-01
1.000834585569826268e-01
1.237532026428872084e-01
5.250074356596755309e-02
9.231642921932288470e-02
1.337833770028245273e-01
5.622514265695000707e-02
1.197691336280129332e-01
1.624151896771517944e-01
1.603426500751794770e-01
7.696104113612839415e-02
6.559728248581327137e-02
7.505809099004226437e-02
1.541506798272583578e-01
1.197691336280129332e-01
1.582743970111203102e-01
2.558598906525806904e-01
1.277532079762333239e-01
1.940300460588548215e-01
9.813603827258703116e-02
1.277532079762333239e-01
8.653049215227893998e-02
2.113090936672069597e-01
1.644920336219908019e-01
1.833803181421967132e-01
1.378237865398294626e-01
5.720383079339799171e-01
1.000834585569826268e-01
4.694002488127049094e-02
1.079112871772292814e-01
1.520951806451622812e-01
1.257512053055602486e-01
6.937087186945270489e-02
1.277532079762333239e-01
1.500438978746048702e-01
3.364722366212128946e-01
8.845542056186339597e-02
1.158008744523923439e-01
9.038406146826893917e-02
1.158008744523923439e-01
6.937087186945270489e-02
5.996346476755726879e-02
1.770444996931107573e-01
1.624151896771517944e-01
1.277532079762333239e-01
8.653049215227893998e-02
3.774032798284711332e-02
9.038406146826893917e-02
1.500438978746048702e-01
2.311117209633866409e-01
2.134901196135671475e-01
1.940300460588548215e-01
1.520951806451622812e-01
5.173134082447332638e-01
5.250074356596755309e-02
1.770444996931107573e-01
2.047944126460132241e-01
1.686587063168369094e-01
5.382409283506891517e-01
1.770444996931107573e-01
1.000834585569826268e-01
1.439151759332314984e-01
4.542552722775963780e-01
9.038406146826893917e-02
1.277532079762333239e-01
1.940300460588548215e-01
9.813603827258703116e-02
1.277532079762333239e-01
1.020346786882442847e-01
2.069612607311034913e-01
1.138226344402864937e-01
1.562104127902689266e-01
1.644920336219908019e-01
1.855012097113342973e-01
3.793539641044785804e-01
2.047944126460132241e-01
1.439151759332314984e-01
1.479968142528800268e-01
7.505809099004226437e-02
2.069612607311034913e-01
1.541506798272583578e-01
7.315875518638977060e-02
3.120807834970537598e-01
1.337833770028245273e-01
9.231642921932288470e-02
6.559728248581327137e-02
1.059485780093806506e-01
6.559728248581327137e-02
9.425253824618928800e-02
1.138226344402864937e-01
1.520951806451622812e-01
1.603426500751794770e-01
1.562104127902689266e-01
1.059485780093806506e-01
8.077783966282910122e-02
1.439151759332314984e-01
1.398501296850619968e-01
3.774032798284711332e-02
9.231642921932288470e-02
8.845542056186339597e-02
1.317692776311233660e-01
1.582743970111203102e-01
1.138226344402864937e-01
1.177830356563834557e-01
2.789023847997351147e-01
1.520951806451622812e-01
1.098778561492701894e-01
1.500438978746048702e-01
1.378237865398294626e-01
6.559728248581327137e-02
1.520951806451622812e-01
1.812639152358191397e-01
5.622514265695000707e-02
1.855012097113342973e-01
3.957350906450789185e-02
1.039897135240476361e-01
1.297592267030991120e-01
7.696104113612839415e-02
1.562104127902689266e-01
3.226086221822147687e-02
1.079112871772292814e-01
2.862449457483751472e-02
1.000834585569826268e-01
5.250074356596755309e-02
1.079112871772292814e-01
8.077783966282910122e-02
1.039897135240476361e-01
7.505809099004226437e-02
1.177830356563834557e-01
1.418805872354438891e-01
1.398501296850619968e-01
1.059485780093806506e-01
2.069612607311034913e-01
1.749414494963320577e-01
9.231642921932288470e-02
1.940300460588548215e-01
1.059485780093806506e-01
1.059485780093806506e-01
1.983218981403956638e-01
3.774032798284711332e-02
2.604261086321618679e-01
5.436120921888742963e-02
1.439151759332314984e-01
5.064373281875493571e-02
1.665731998258153934e-01
1.624151896771517944e-01
1.378237865398294626e-01
1.749414494963320577e-01
1.728428128394108310e-01
1.000834585569826268e-01
1.833803181421967132e-01
1.277532079762333239e-01
8.845542056186339597e-02
1.059485780093806506e-01
8.653049215227893998e-02
1.459539126230798567e-01
1.562104127902689266e-01
1.237532026428872084e-01
8.845542056186339597e-02
1.439151759332314984e-01
1.277532079762333239e-01
1.479968142528800268e-01
8.460926197438516094e-02
1.459539126230798567e-01
1.337833770028245273e-01
9.231642921932288470e-02
1.079112871772292814e-01
1.562104127902689266e-01
1.039897135240476361e-01
1.398501296850619968e-01
1.500438978746048702e-01
1.020346786882442847e-01
1.059485780093806506e-01
1.961736696021062487e-01
1.358015411590618171e-01
9.425253824618928800e-02
9.619240306401584395e-02
2.789023847997351147e-01
9.813603827258703116e-02
8.460926197438516094e-02
1.059485780093806506e-01
9.619240306401584395e-02
1.541506798272583578e-01
1.624151896771517944e-01
2.200618847768016639e-01
9.231642921932288470e-02
1.118483001365688512e-01
8.077783966282910122e-02
2.604261086321618679e-01
4.134332777573412887e-01
4.879016416943204176e-02
8.077783966282910122e-02
8.845542056186339597e-02
1.398501296850619968e-01
1.541506798272583578e-01
1.520951806451622812e-01
9.425253824618928800e-02
1.138226344402864937e-01
1.833803181421967132e-01
1.297592267030991120e-01
1.277532079762333239e-01
5.114136861175450077e-01
1.059485780093806506e-01
1.217591840360229688e-01
1.728428128394108310e-01
8.460926197438516094e-02
1.337833770028245273e-01
1.644920336219908019e-01
1.297592267030991120e-01
7.696104113612839415e-02
1.217591840360229688e-01
1.665731998258153934e-01
1.665731998258153934e-01
1.603426500751794770e-01
1.665731998258153934e-01
3.591050130577080890e-02
1.562104127902689266e-01
1.079112871772292814e-01
1.770444996931107573e-01
1.217591840360229688e-01
3.169117107667192568e-01
1.158008744523923439e-01
1.257512053055602486e-01
4.570369152394731516e-01
1.297592267030991120e-01
1.398501296850619968e-01
1.459539126230798567e-01
1.337833770028245273e-01
1.217591840360229688e-01
3.169117107667192568e-01
8.269171584511340878e-02
1.420983057265300283e-02
1.039897135240476361e-01
1.378237865398294626e-01
1.541506798272583578e-01
1.118483001365688512e-01
1.197691336280129332e-01
1.079112871772292814e-01
1.317692776311233660e-01
1.439151759332314984e-01
3.120807834970537598e-01
1.665731998258153934e-01
1.059485780093806506e-01
3.591050130577080890e-02
1.398501296850619968e-01
